5334331.75
5334069.5
5333854.5
5333661.5
5333477.25
5333258.25
5332994.75
5332710.25
5332356.75
5331961.25
5331496.5
5330978.5
5330346.75
5329616.0
5328767.75
5327724.25
5326623.0
5325279.75
5323721.5
5321841.25
5319777.25
5317410.0
5314725.0
5311676.0
5308238.75
5304387.25
5300267.0
5295252.5
5290166.5
5284282.25
5277797.0
5270384.5
5262935.5
5254417.75
5244775.75
5235161.5
5224283.25
5212065.0
5199950.5
5186346.5
5171132.0
5155517.25
5139526.75
5121686.75
5101902.0
5082587.25
5060279.5
5037621.25
5013651.0
4989338.5
4961503.75
4933447.75
4905062.5
4873911.75
4841366.5
4807290.5
4770315.75
4733262.5
4694629.25
4654393.0
4614036.5
4568715.5
4523608.0
4478605.0
4428225.75
4378301.25
4328458.0
4274936.0
4219894.625
4161446.375
4105417.0
4043648.5
3984622.125
3921801.875
3857493.375
3789728.375
3722943.75
3654758.75
3585253.625
3514418.5
3442392.5
3369291.25
3297019.0
3221425.875
3144945.0
3067711.5
2989721.0
2911005.75
2831879.125
2750464.25
2670721.25
2592209.125
2511545.5
2429411.75
2349030.75
2269921.3125
2188464.0625
2108736.5625
2030242.625
1950631.8125
1873116.5
1795614.75
1718787.3125
1643613.875
1569304.0625
1496177.0
1424848.375
1354232.875
1286283.5
1218538.78125
1154385.78125
1091069.375
1028352.3125
969007.375
913373.78125
858091.53125
803030.03125
752306.65625
706071.3125
659658.734375
615526.296875
571080.921875
534653.90625
494448.765625
462695.40625
426811.578125
396533.75
371421.2578125
341529.0546875
320659.4765625
297871.2578125
277081.0859375
258110.3359375
237683.3828125
222510.7734375
208755.8359375
199314.8828125
187649.1015625
174364.7578125
165571.28515625
157772.85546875
153570.98046875
144424.2109375
141600.07421875
134239.7265625
132501.71875
128677.85546875
123431.5703125
120941.83203125
120561.52734375
118450.953125
116557.71484375
115034.64453125
112440.265625
112698.61328125
111723.56640625
110863.24609375
109267.19140625
109593.33203125
108283.5
108545.794921875
108090.39453125
107669.99609375
106866.40625
106964.115234375
106625.4296875
106065.908203125
106075.3046875
105772.3125
105354.548828125
105105.84375
104860.798828125
104778.8359375
104515.587890625
104244.455078125
103981.591796875
103723.861328125
103540.5546875
103285.099609375
103020.591796875
102770.130859375
102523.572265625
102417.294921875
102140.271484375
101853.697265625
101674.384765625
101423.111328125
101142.3515625
100954.978515625
100690.8046875
100478.455078125
100236.703125
99998.673828125
99746.470703125
99564.697265625
99263.0625
99098.791015625
98829.865234375
98590.4140625
98366.1015625
98138.705078125
97889.888671875
97666.564453125
97426.328125
97167.3671875
96974.349609375
96727.943359375
96483.041015625
96273.046875
96020.609375
95785.875
95528.765625
95286.859375
95126.361328125
94875.775390625
94631.658203125
94435.298828125
94151.109375
93981.888671875
93686.4375
93458.333984375
93302.8203125
92979.970703125
92834.701171875
92523.189453125
92366.796875
92124.646484375
91879.150390625
91633.822265625
91421.720703125
91186.8515625
90942.291015625
90737.193359375
90493.126953125
90253.7109375
90012.05078125
89844.123046875
89565.177734375
89375.38671875
89140.21484375
88891.0859375
88659.22265625
88431.607421875
88189.662109375
87957.259765625
87719.263671875
87491.001953125
87406.240234375
87042.001953125
86936.154296875
86681.095703125
86382.150390625
86224.861328125
85963.52734375
85733.939453125
85510.755859375
85291.947265625
85048.533203125
84824.447265625
84612.115234375
84373.552734375
84134.373046875
83891.626953125
83745.548828125
83464.712890625
83231.388671875
83011.111328125
82853.548828125
82594.0
82389.408203125
82142.97265625
81956.435546875
81721.607421875
81473.1875
81283.525390625
81054.810546875
80816.33984375
80656.453125
80375.060546875
80230.369140625
79924.490234375
79710.470703125
79488.07421875
79245.103515625
79167.35546875
78827.306640625
78725.982421875
78479.71484375
78193.189453125
78044.783203125
77795.5
77562.041015625
77330.18359375
77105.806640625
76871.103515625
76666.248046875
76445.525390625
76374.365234375
76025.013671875
75908.923828125
75681.220703125
75400.55859375
75253.654296875
74983.28125
74823.24609375
74544.42578125
74394.70703125
74163.595703125
73943.2578125
73714.072265625
73537.19921875
73296.021484375
73114.607421875
72896.783203125
72670.65234375
72473.24609375
72236.794921875
72028.890625
71809.8359375
71595.482421875
71386.341796875
71168.091796875
71087.4365234375
70867.0390625
70566.576171875
70352.998046875
70247.78125
69942.25390625
69824.20703125
69525.87109375
69392.3037109375
69120.8623046875
68978.2822265625
68733.373046875
68503.0205078125
68305.650390625
68201.748046875
67910.123046875
67683.625
67595.009765625
67285.55859375
67176.380859375
66888.1328125
66680.46484375
66490.515625
66283.580078125
66185.7568359375
65874.1484375
65769.9482421875
65498.8515625
65276.74609375
65191.427734375
64899.1181640625
64783.279296875
64548.984375
64326.07421875
64123.89453125
63918.294921875
63709.00390625
63614.4013671875
63383.0908203125
63128.3662109375
62999.7216796875
62772.8837890625
62556.4912109375
62351.9833984375
62218.58203125
62007.7646484375
61784.5693359375
61599.2939453125
61433.8212890625
61207.9912109375
61060.9169921875
60854.5859375
60629.1201171875
60428.9873046875
60230.5341796875
60126.2421875
59901.3017578125
59709.48828125
59509.31640625
59331.4287109375
59128.90625
58943.0087890625
58762.6962890625
58548.5732421875
58379.36328125
58186.01171875
57993.52734375
57841.98828125
57638.80859375
57438.9072265625
57252.0625
57059.6416015625
56902.94921875
56709.5947265625
56508.7919921875
56373.8408203125
56127.7880859375
55951.1123046875
55827.2236328125
55588.4658203125
55395.6796875
55292.69140625
55105.2529296875
54865.8701171875
54736.6640625
54506.7294921875
54302.4033203125
54133.9150390625
53948.4423828125
53878.8642578125
53592.7314453125
53397.4677734375
53339.4599609375
53047.1953125
52971.72265625
52773.7763671875
52547.98828125
52413.2099609375
52210.1767578125
52022.2333984375
51849.3515625
51699.4189453125
51515.5322265625
51347.3017578125
51150.3896484375
50966.3232421875
50782.85546875
50642.2548828125
50478.2138671875
50288.2802734375
50092.6962890625
49917.1376953125
49742.5087890625
49667.6865234375
49412.4599609375
49333.2880859375
49138.7578125
48954.921875
48771.5927734375
48597.0283203125
48400.484375
48285.953125
48079.0673828125
47890.5390625
47735.3193359375
47546.5400390625
47471.8671875
47297.6103515625
47058.552734375
46901.5771484375
46812.08984375
46613.3984375
46449.0087890625
46268.8544921875
46096.91796875
45954.5068359375
45779.0576171875
45606.1982421875
45447.1103515625
45285.7587890625
45123.3408203125
44952.943359375
44798.62890625
44670.7822265625
44509.7197265625
44336.6171875
44151.57421875
44013.2490234375
43855.3388671875
43676.11328125
43519.6728515625
43388.2158203125
43201.0439453125
43076.4736328125
42897.12109375
42750.06640625
42567.5693359375
42468.2109375
42254.2353515625
42144.6533203125
41990.3134765625
41809.16796875
41685.939453125
41519.5986328125
41355.650390625
41193.8349609375
41062.90234375
40896.6826171875
40726.1318359375
40577.4580078125
40410.4228515625
40306.6806640625
40135.7646484375
40001.9560546875
39823.64697265625
39668.45361328125
39531.6533203125
39373.8759765625
39223.7119140625
39176.5185546875
38909.84912109375
38850.810546875
38697.4384765625
38522.31494140625
38349.7919921875
38201.9482421875
38047.455078125
37974.0517578125
37747.21484375
37676.5361328125
37516.009765625
37340.3916015625
37190.9833984375
37028.51318359375
36897.4580078125
36817.02001953125
36657.8828125
36511.9345703125
36360.7783203125
36211.4287109375
36082.375
35930.2001953125
35804.0126953125
35631.63427734375
35486.27197265625
35358.6904296875
35270.8271484375
35063.54638671875
34921.62548828125
34849.15869140625
34663.6181640625
34583.7822265625
34391.544921875
34305.8134765625
34152.8583984375
33992.5419921875
33834.15380859375
33695.25
33569.63525390625
33508.6689453125
33343.10595703125
33180.0654296875
33086.55078125
32938.63134765625
32790.0517578125
32650.55322265625
32512.751953125
32433.88671875
32288.04541015625
32131.287109375
32003.28369140625
31884.23388671875
31738.08056640625
31626.728515625
31489.443359375
31349.65673828125
31232.0703125
31087.828125
30955.77587890625
30821.982421875
30689.42578125
30619.6171875
30436.68798828125
30363.59423828125
30227.169921875
30079.59814453125
29976.97265625
29824.07568359375
29681.00439453125
29617.24072265625
29480.52734375
29345.900390625
29211.94873046875
29086.009765625
28957.25048828125
28814.142578125
28768.97265625
28573.072265625
28516.44970703125
28370.037109375
28239.67138671875
28122.08935546875
27996.72802734375
27886.17333984375
27762.72216796875
27634.9765625
27511.908203125
27377.455078125
27255.5400390625
27188.30322265625
27061.14599609375
26918.3740234375
26814.2890625
26736.35107421875
26576.80126953125
26459.19140625
26337.65234375
26279.43505859375
26163.93212890625
26022.66748046875
25909.68505859375
25777.52392578125
25662.81005859375
25544.88916015625
25479.60498046875
25357.33935546875
25212.50537109375
25117.57177734375
24989.43310546875
24874.27490234375
24808.42041015625
24686.61572265625
24553.068359375
24452.404296875
24317.5166015625
24248.21875
24117.99072265625
24011.841796875
23913.83154296875
23787.93408203125
23674.1640625
23570.7490234375
23472.93505859375
23382.68896484375
23257.09130859375
23147.171875
23064.44091796875
22962.36328125
22820.64697265625
22728.61767578125
22660.57275390625
22544.18408203125
22417.58154296875
22297.60009765625
22231.796875
22130.67041015625
22019.84521484375
21908.75830078125
21818.82470703125
21704.62451171875
21618.95556640625
21501.82958984375
21397.07666015625
21295.83935546875
21238.02880859375
21129.03857421875
21018.41650390625
20906.89306640625
20789.208740234375
20688.041015625
20599.21923828125
20541.614501953125
20408.19921875
20352.92822265625
20233.864013671875
20123.21630859375
20042.466552734375
19915.669921875
19818.3310546875
19761.194580078125
19657.617919921875
19552.64111328125
19457.328125
19395.3857421875
19292.00927734375
19180.296875
19093.0625
18995.27197265625
18884.845703125
18839.39404296875
18736.63037109375
18626.37646484375
18531.3759765625
18459.857421875
18351.45263671875
18255.85888671875
18195.5869140625
18097.005615234375
18012.029296875
17915.8916015625
17809.760498046875
17741.64404296875
17645.892578125
17553.37109375
17478.06884765625
17381.8896484375
17286.710205078125
17211.89306640625
17118.251708984375
17029.206298828125
16971.919189453125
16889.546875
16773.7109375
16706.733154296875
16625.343017578125
16535.93115234375
16429.446044921875
16368.8837890625
16278.163818359375
16206.312744140625
16117.430908203125
16017.143798828125
15955.833740234375
15867.806396484375
15779.953369140625
15695.65625
15601.073974609375
15531.6181640625
15448.878662109375
15425.385498046875
15319.539306640625
15231.173583984375
15155.510009765625
15072.3681640625
14988.466796875
14916.264404296875
14829.442138671875
14735.918701171875
14668.412109375
14590.644287109375
14509.330078125
14464.673583984375
14357.669921875
14320.729736328125
14234.239013671875
14122.588134765625
14059.26953125
14012.386474609375
13909.068115234375
13834.502685546875
13780.796142578125
13687.212646484375
13641.599853515625
13540.222412109375
13494.781982421875
13396.256591796875
13321.663818359375
13280.750244140625
13190.316162109375
13113.062744140625
13057.828857421875
12971.7177734375
12914.711669921875
12839.713134765625
12764.5634765625
12695.882568359375
12626.9267578125
12553.274169921875
12475.551025390625
12418.373046875
12347.22509765625
12279.164306640625
12222.150634765625
12140.108642578125
12072.019287109375
12000.414794921875
11969.507080078125
11883.632690429688
11801.946533203125
11749.608764648438
11671.593505859375
11604.144775390625
11568.593017578125
11462.309204101562
11409.0263671875
11341.451416015625
11304.533813476562
11233.39306640625
11153.08203125
11114.386474609375
11030.259521484375
10965.408447265625
10918.437866210938
10859.72216796875
10781.706298828125
10719.40087890625
10643.954223632812
10621.543212890625
10554.087158203125
10478.220458984375
10429.36572265625
10356.20556640625
10295.448974609375
10220.989868164062
10170.4892578125
10110.233642578125
10077.013671875
10020.5947265625
9927.278198242188
9880.066650390625
9818.00146484375
9793.927978515625
9729.998291015625
9666.385498046875
9599.5986328125
9551.658447265625
9481.878295898438
9430.386474609375
9369.8818359375
9319.382080078125
9268.42333984375
9207.84423828125
9158.749267578125
9084.07177734375
9042.208862304688
8984.422241210938
8934.66357421875
8881.500244140625
8831.780517578125
8774.794677734375
8718.17236328125
8663.74169921875
8607.729248046875
8570.391845703125
8508.396484375
8455.073974609375
8398.443115234375
8356.847290039062
8311.871948242188
8252.896850585938
8201.68603515625
8149.42333984375
8114.5863037109375
8046.3355712890625
8022.5848388671875
7945.1485595703125
7923.00732421875
7847.0841064453125
7822.9984130859375
7768.1363525390625
7705.7757568359375
7656.2286376953125
7627.6744384765625
7575.103515625
7506.47119140625
7469.7186279296875
7420.9764404296875
7371.4312744140625
7348.8157958984375
7280.12060546875
7244.7108154296875
7188.2266845703125
7161.7999267578125
7102.5391845703125
7043.8724365234375
7007.8343505859375
6970.0594482421875
6909.1746826171875
6873.5982666015625
6829.4420166015625
6807.3419189453125
6749.26611328125
6699.37255859375
6654.9276123046875
6610.65576171875
6590.08251953125
6543.5655517578125
6496.81103515625
6437.103332519531
6411.07080078125
6364.8096923828125
6309.99951171875
6289.9132080078125
6244.4305419921875
6200.2490234375
6163.7174072265625
6112.769348144531
6067.203125
6035.77734375
6005.21728515625
5957.0753173828125
5925.6192626953125
5867.357604980469
5836.7391357421875
5804.711486816406
5757.6435546875
5735.7435302734375
5681.2303466796875
5649.517028808594
5604.8663330078125
5581.6834716796875
5541.360595703125
5485.864562988281
5457.2578125
5424.585266113281
5374.516174316406
5350.660888671875
5319.5843505859375
5277.6905517578125
5247.9605712890625
5195.51708984375
5169.5374755859375
5132.9404296875
5112.4329833984375
5073.402099609375
5035.4224853515625
4991.284240722656
4955.293151855469
4929.6407470703125
4894.511474609375
4852.971130371094
4824.303955078125
4783.369934082031
4749.230773925781
4718.698547363281
4684.692321777344
4663.6192626953125
4623.4742431640625
4597.5340576171875
4559.860046386719
4522.039367675781
4505.958984375
4471.4696044921875
4438.7008056640625
4396.287536621094
4373.4058837890625
4349.80517578125
4311.577880859375
4282.350769042969
4249.490051269531
4219.820556640625
4197.3250732421875
4159.7615966796875
4138.327392578125
4100.4771728515625
4070.1876220703125
4045.3836364746094
4003.247344970703
3987.282470703125
3962.9364013671875
3918.3785400390625
3889.9930725097656
3872.833282470703
3833.888702392578
3816.155487060547
3787.419677734375
3750.929718017578
3742.6632690429688
3711.9567260742188
3678.5796508789062
3651.4484252929688
3626.1256408691406
3604.5298461914062
3569.4397888183594
3541.8453063964844
3521.72998046875
3493.634765625
3466.577880859375
3432.768341064453
3407.5711364746094
3402.992431640625
3357.715362548828
3339.8186645507812
3320.606170654297
3300.0618286132812
3273.631103515625
3246.3822631835938
3215.244354248047
3197.7830200195312
3172.7771606445312
3147.4752807617188
3126.8991088867188
3095.951171875
3069.704071044922
3050.661407470703
3031.5237426757812
3008.4241333007812
2985.357666015625
2960.962890625
2938.4397583007812
2928.2214965820312
2893.1310424804688
2870.3419799804688
2847.8330688476562
2842.0720825195312
2797.5316467285156
2796.2748413085938
2772.196533203125
2743.23828125
2728.63720703125
2705.1981811523438
2677.9642639160156
2662.7710571289062
2641.8032836914062
2621.5069580078125
2591.797821044922
2571.3833618164062
2551.2899475097656
2531.5364379882812
2511.844451904297
2497.8416137695312
2490.2258911132812
2461.8375549316406
2440.62548828125
2421.3087768554688
2402.5037231445312
2381.7802124023438
2362.5617065429688
